-1.517124676960922898e+02
-7.102543909439610559e+01
1.423235525725468165e+01
-2.845443157938623813e+01
-3.484539560571761285e+02
-3.731584403146044338e+02
-3.135445647142622647e+02
-2.572796177457394151e+02
-4.313318097686449732e+02
-4.273654885271753301e+02
-3.955886886236441455e+02
-3.765119680016092047e+02
-4.511187617703529895e+02
-4.540596752219004202e+02
-4.295986838382020210e+02
-4.202388398788776840e+02
-4.513209935951023795e+02
-4.529739192937042276e+02
-4.333086156064280772e+02
-4.204939650215634970e+02
-4.597984188515818573e+02
-4.584265046770137815e+02
-4.498554048299095598e+02
-4.385179485847514798e+02
-4.658081661131774922e+02
-4.693281845592179025e+02
-4.561974037712658401e+02
-4.487921439526851941e+02
-4.690218714133290518e+02
-4.705750033421705893e+02
-4.576807140574150026e+02
-4.508061918488218112e+02
-4.676940739533552005e+02
-4.724242445818053966e+02
-4.578927506294795649e+02
-4.521383857481347377e+02
-4.676200484009352181e+02
-4.736012243015866261e+02
-4.558906423609680019e+02
-4.477505481697205028e+02
-4.716314010804211421e+02
-4.723743060579184885e+02
-4.568149577823032814e+02
-4.430479755358903162e+02
-4.719638528201429040e+02
-4.754906635717737231e+02
1.599418531215826533e+01
-4.515329292116414877e+02
