[16332.727066815647, -332.23871009726611, -291.17051038399205, -315.02369930119903]
[20120.151209292031, -259.09397267616373, -385.53719648047434, -358.47138770256231]
[7724.5079902075759, -376.89346286272064, -162.55393512344793, -197.22401637720759]
[-190.57705686674456, -515.99402175373859, -177.30411458225859, -362.15899805848596]
[-320.93825693149131, -519.14104674687678, -486.9575019553784, -472.28267985277125]
[-420.31429672537496, -505.02478423949276, -500.24541997249088, -483.88518969501638]
[-308.57771428280347, -506.55687518701069, -473.89192697378422, -437.25164719200239]
[8096.1029376757215, -510.70136822849872, -488.60668668626914, -325.16890108306609]
[-511.46015981332164, 7638.9200160828277, -494.57463119911336, -494.47963651292264]
[-299.87059156580835, -274.89907814883327, -505.10398741919306, -495.3108704844696]
[-548.18657993649765, -341.95999140158864, -500.26288142337006, 749906.34837538225]
[-548.18657993649765, -341.95999140158864, -500.26288142337006, 749906.34837538225]
[-548.18657993649765, -341.95999140158864, -500.26288142337006, 749906.34837538225]
