[4635.3169956358588, -351.00809178462112, -317.65049287371124, -336.48840903083237]
[5756.4267233152286, -335.72330582463991, -412.14423933708792, -380.03489397964915]
[87.094692103849454, -332.86341348896332, -254.5687576760468, -187.32002005883868]
[-262.55321500039696, -241.87506949381032, -348.02217868021961, -338.30409138086372]
[-401.51309741778994, -347.41601992934295, -385.5672412279003, -287.93437155069432]
[-491.55046958073035, -337.03796375264841, -520.65314069529791, -403.40629879980645]
[-148.86242631343217, -450.66287603066684, -502.9737679858311, -287.82223205382581]
[2046.0212664472535, -288.49035904931225, -515.61192591334691, -433.19668508919131]
[-439.8818369587363, -464.69710954058689, -499.11017582137418, -222.12319650773134]
[6396.1266681598727, -366.20213936417684, -531.24833135821427, -489.86197941706803]
[-537.69548418912166, -427.8393239238124, -541.19555544422406, -453.82807002009906]
[-537.69548418912166, -427.8393239238124, -541.19555544422406, -453.82807002009906]
