-1981335.87128
-2013216.25501
-2053496.7808
-1988097.95501
-1485905.62731
-1408552.6879
-1529621.51449
-1543398.49855
-988922.209361
-719665.869712
-787074.1037
-872181.79818
-510232.43059
-506154.317099
-526273.791276
-607915.488681
-380509.412444
-322929.066239
-350893.370418
-417950.192995
-210400.196942
-240196.258941
-275288.974637
-242681.995131
-167992.462136
-176008.128052
-206124.768088
-186544.218317
-114385.232902
-160526.708464
-132239.453129
-114900.377972
-94541.866625
-90939.5627146
-96465.1668583
-91937.1608462
-65189.7466935
-64446.5132146
-64153.487827
-70152.9269221
-48973.515383
-55194.9681414
-52425.945366
-49032.2024897
[-48973.515382987549, -55194.968141421545, -52425.945366014246, -49032.202489736963]
[-988922.20936133841, -719665.86971159675, -787074.1036996895, -872181.79817989713]
