[333.14990159275749, 105.55982639501148, 270.04224750159727, 490.9910864456142]
[323.13856062991363, 139.47001812421871, 198.60506190905406, 420.8664796818822]
[387.33118832232225, 148.61315571763311, 349.95029068871497, 503.77058506373817]
[200.7535898640904, 98.895497645003914, 180.72339157065679, 433.19929197006229]
[173.00828416462969, 238.81158756623827, 331.51755687009233, 469.91999711398682]
[394.44788274020698, 29.335397251512735, 265.38325900729978, 493.7384856762643]
[241.98367493269262, 78.317647319468051, 232.52723852392091, 553.55410262641976]
[280.90363953187068, 99.389410014524998, 263.64504145422512, 356.87591690251475]
[273.02722779560753, 148.72838490336156, 166.72022888418604, 589.30149040488106]
[201.66028565401888, 86.422899322473071, 257.56239471809255, 500.76789954972594]
[185.64478659031516, 118.41621005433652, 195.84033539927924, 462.28908174901045]
[306.38877164277369, 177.21711302114193, 270.23949188389054, 446.50687476985456]
[306.38877164277369, 177.21711302114193, 270.23949188389054, 446.50687476985456]
