[1293.199832441632, -356.37077226672261, -325.21620215648824, -342.62118323929906]
[1651.0784232499504, -357.60684748312923, -419.85712120312047, -386.19617112958207]
[-174.68318952321647, -315.88862412575816, -263.42591679519336, -242.86728257105241]
[-502.47719686147627, -513.43755066820609, -500.42442080387025, -403.11998090797886]
[-544.43722254784166, -499.68734613993485, -532.93952994553035, -483.91167497893696]
[-558.36496893122421, -506.26553180958228, -539.01774395658435, -512.260414584655]
[-564.04259411097871, -398.49276221196578, -528.4803948737781, -519.94916506947527]
[25303.759076246126, -395.95658724582705, 176.83617916968902, -532.0119748639604]
[86004.673648318625, -386.75576288056175, -452.92770523560483, -527.68879799517026]
[170.0162219478363, -517.54693183019504, -520.77281869921057, -535.43402731951358]
[-52.905787921642784, -462.96351173698929, -538.0481423738205, -522.944740773489]
[86004.673648318625, -386.75576288056175, -452.92770523560483, -527.68879799517026]
[-52.905787921642784, -462.96351173698929, -538.0481423738205, -522.944740773489]
[170.0162219478363, -517.54693183019504, -520.77281869921057, -535.43402731951358]
