[311.00451895905258, 81.765403387823127, 244.44183422557185, 467.81106934199897]
[298.39556964146948, 115.1411800088606, 173.63133975024866, 395.76822186906145]
[363.90585527460735, 124.61118654164852, 326.90372529962235, 478.4641955035122]
[177.895856318477, 73.828055652870759, 157.35626020343912, 407.29678819461958]
[149.93270707271645, 214.14788100184313, 304.65381736717325, 446.69161157935406]
[370.04760065993452, 3.8367595771858758, 240.0369689865629, 470.85912444516134]
[214.75619778864183, 53.184125216845629, 209.6395945477463, 529.79172530442793]
[259.47058826767142, 76.192693301516115, 239.78275066502852, 332.26494999730483]
[250.45197843113283, 122.42175150617064, 142.93487813147675, 567.86584847833637]
[177.97985332290847, 61.485413070569237, 232.57443979937187, 475.2885105752033]
[162.38658705419749, 93.82879574814865, 173.12305585911153, 437.86350556437139]
[283.07268649237915, 153.63179743642493, 247.29455134176479, 420.59298565745104]
