[320.84691124069917, 92.340702502129119, 255.81979568158312, 478.11329916582781]
[309.39245452522243, 125.95399694901975, 184.73077182082881, 406.923003119204]
[374.31711440692504, 135.27872839764171, 337.14664325033016, 489.71147975250142]
[188.05484900541629, 84.969140982707728, 167.74165192220255, 418.80901209481635]
[160.18851911356677, 225.10952836379656, 316.59325714624839, 457.01533848363533]
[380.892170473389, 15.169487432442256, 251.30198677355702, 481.02772943676263]
[226.85729874155331, 64.354579484677828, 219.81188075937945, 540.35278189197993]
[268.99638882953775, 86.5023451739645, 250.38821323800479, 343.20315751073144]
[260.48542259312154, 134.11358857158879, 153.50614513268087, 577.39280044568955]
[188.50448991451313, 72.568740293637603, 243.68019754102551, 486.61268345276886]
[172.72356462580532, 104.7565354397877, 183.21962454363057, 448.71931720198882]
[293.43539100366553, 164.11415991852135, 257.4923026938207, 432.11026970740807]
