[-1950319481.3227012, -2039174144.0513427, -1825851853.7938201, -2142010764.3644681]
[-1461176375.2272491, -1471686266.6758168, -1601676727.7582474, -1553401189.3717754]
[-747618232.31564927, -913276859.26330793, -738640539.00363278, -748571129.40934134]
[-528898347.40927583, -511768269.87244689, -459536897.8865577, -572435201.07690883]
[-355964454.96243191, -346675381.98165768, -357042113.80310071, -337891021.30334318]
[-249588721.64997047, -221921509.06634006, -238488530.91749373, -239566089.37281027]
[-198759766.97097489, -167039954.82016858, -176141063.30433071, -185759966.59248412]
[-118376286.71717219, -120612359.81860897, -117706655.17485002, -142823777.45890355]
[-96770998.345476463, -85908736.195573479, -81428953.683280349, -95767158.316056862]
[-62950029.28667631, -58766242.297469184, -62891244.244276643, -61803560.454857253]
[-46922671.561186641, -45026830.423465945, -44266476.952112302, -48509901.079417206]
