[340.4824838425842, 113.43842423516942, 278.51882878632563, 498.66624766436678]
[331.33123986830964, 147.52556674463727, 206.87413880163626, 429.17679171323834]
[395.08757637589895, 156.56047440034803, 357.58126456199227, 512.14981182923509]
[208.32203941586016, 107.19560621573244, 188.46050840113551, 441.77589877570881]
[180.64886413506309, 246.97801485089357, 340.4124395055033, 477.61117365767632]
[402.52708725123045, 37.778279503678725, 273.77569725861048, 501.31409639500725]
[250.99899514261165, 86.639635749003034, 240.10559175158761, 561.42208978414624]
[288.00036095046119, 107.07010065949905, 271.54611107109241, 365.02488150001756]
[280.50214369628918, 157.43880351709805, 174.59582280008317, 596.39906962055932]
[209.50113991476437, 94.67997810365901, 265.8361842356245, 509.20440834351223]
[193.345834881163, 126.55737612460757, 203.36227906924586, 470.37666141903526]
[314.10898650368216, 185.02647307030378, 277.83681664117222, 455.08725138707268]
