-4.308021344016589538e+00
1.204740406914246051e+02
-2.083686221251242330e+02
1.296728840088824768e+02
-4.907781910032473149e+01
1.215353247039485041e+01
-1.674437841115747290e+02
3.844786939721416985e+01
6.229310436537170759e+00
7.321804544217793875e+01
-1.637197417879337991e+02
3.449602443549952682e+02
-5.929465931696412184e+01
-1.702883167133907349e+01
-2.361991743232859449e+02
5.064341716257587223e+01
-7.152074501353999381e+01
6.418953554529585404e+01
-2.200077217458936900e+02
5.330472507853070141e+01
-1.345180210344662397e+00
-2.358464541824029226e+01
-2.714458387920434461e+02
4.624798705422192313e+01
-6.089560192476327671e+01
7.985862584874027448e+01
-3.103372368711854392e+02
9.583228435428000580e+01
-6.842639502798273554e+01
1.402700561551883141e+01
-2.991767643877656724e+02
1.690530229325500216e+02
-7.471226140617004319e+01
-1.643144628113329730e+01
-2.480045877619218118e+02
4.174866844965490742e+01
-4.080806852843635113e+01
1.511761394784859114e+01
-1.423197084830431720e+02
5.934186924538028052e+01
-6.396784552697609172e+01
-1.661889589193284067e+01
-2.766582062526717891e+02
3.115631047841026291e+00
