[334211715941.56384, 536267689.15803319, 756570599.27863526, 613277075.15909719]
[410625959199.81238, 1556885137.9000525, 724532365.09251559, 639440137.08048916]
[32250089181.910076, 1106623657.8126428, 1019226844.4834095, 1950484720.9853332]
[1390541386.9417109, 1205314539.8110774, 1305868785.6880276, 1673649472.0440154]
[1240542603.8254352, 934081065.57088697, 1835632209.331676, 1516176130.9943717]
[1327048541.6106558, 979826427.50121653, 1307938172.2974048, 1304240936.133007]
[4710974594.2113056, 1008074044.2359343, 1480667658.6293077, 1518772323.0020382]
[167985331081.54645, 1944026832.7878387, 1817448249.6573086, 1744731219.0855908]
[3369387611.4129114, 1207008728.7475984, 1401130734.3914657, 1343842838.9301376]
[1225079121.4951878, 996934497.72364557, 4217512408.7450767, 1804466746.1555641]
[1295461783.357655, 875459005.67449701, 1317873646.2876768, 1649160308.0540195]
[334211715941.56384, 536267689.15803319, 756570599.27863526, 613277075.15909719]
[410625959199.81238, 1556885137.9000525, 724532365.09251559, 639440137.08048916]
[32250089181.910076, 1106623657.8126428, 1019226844.4834095, 1950484720.9853332]
[1390541386.9417109, 1205314539.8110774, 1305868785.6880276, 1673649472.0440154]
[1240542603.8254352, 934081065.57088697, 1835632209.331676, 1516176130.9943717]
[1327048541.6106558, 979826427.50121653, 1307938172.2974048, 1304240936.133007]
[4710974594.2113056, 1008074044.2359343, 1480667658.6293077, 1518772323.0020382]
[167985331081.54645, 1944026832.7878387, 1817448249.6573086, 1744731219.0855908]
[3369387611.4129114, 1207008728.7475984, 1401130734.3914657, 1343842838.9301376]
[1225079121.4951878, 996934497.72364557, 4217512408.7450767, 1804466746.1555641]
[1295461783.357655, 875459005.67449701, 1317873646.2876768, 1649160308.0540195]
[1295461783.357655, 875459005.67449701, 1317873646.2876768, 1649160308.0540195]
[3369387611.4129114, 1207008728.7475984, 1401130734.3914657, 1343842838.9301376]
[3369387611.4129114, 1207008728.7475984, 1401130734.3914657, 1343842838.9301376]
