[6306.3755772329714, -348.32675154357037, -313.86763823232275, -333.42202192659903]
[7809.1024289646721, -324.77975670052734, -408.28765035732624, -376.95430133552679]
[109.96574623396933, -405.35273936443718, -290.68112199547733, -262.52686737388814]
[-487.11906456127099, -533.99496794226138, -292.46116350469708, -482.57806453388486]
[-543.13615495364047, -527.9598387009537, -512.96114368612723, -494.91486090283917]
[-538.15230495007313, -541.2517540070844, -534.80804830549528, -511.65552670187225]
[-555.23852446184242, -556.65937314873281, -532.59661303120095, -526.73171042858007]
[2855.6576573344291, -536.87317304010367, 229.86540966896638, 2821.2860110787647]
[1819768215670718.0, 772103.7678743226, -523.47817292381649, -314.47926521908624]
[1819768215670718.0, 772103.7678743226, -523.47817292381649, -314.47926521908624]
[-555.23852446184242, -556.65937314873281, -532.59661303120095, -526.73171042858007]
