[9648.4927404271984, -342.96407106146899, -306.30192894954587, -327.28924771813234]
[11914.45875354276, -302.88914079885251, -400.9633062164088, -370.793207845452]
[576.20549711525962, -307.05895432967429, -273.63361034207969, -13.243203714833452]
[-430.32951097273019, -268.12326005697025, -349.32428465776491, -365.00315452688591]
[-465.94602210374813, -364.82961780620883, -273.32130286078143, -423.62539201082853]
[-383.18792006605861, -305.35773793976603, -378.81000933057368, -408.04942686994781]
[-482.11521484550013, -469.96650388876731, -366.51475549685654, -307.63806485568904]
[4604.1252469034325, -274.09885455880254, -403.7251419715393, -411.97234110134559]
[544.23997831528072, -290.75532803515335, -459.41590555405753, -210.96267342100253]
[-511.1623271193933, -406.40530737290254, -505.99891392994067, -427.42123304854522]
[-535.21005401362322, -460.58789059551162, -519.1669905680028, -502.85693557275602]
[-469.99063995024505, -472.74657158480295, -443.3927590735114, -455.3858493299328]
[-535.21005401362322, -460.58789059551162, -519.1669905680028, -502.85693557275602]
[-535.21005401362322, -460.58789059551162, -519.1669905680028, -502.85693557275602]
[2964.2584140387448, -353.68943202567181, -321.43334751509963, -339.55479613506577]
[3703.7520120207218, -346.6656759677262, -416.0007251493962, -383.11551724009996]
[11.534085643112963, -328.79892456457401, -356.69366989949867, 41.648210119133793]
[-460.25131215966013, -188.24541493361221, -411.07754692871549, -265.56547586488716]
[-264.63163205959711, -212.42245085874924, -219.31068069917265, -185.53896367467013]
[-300.53176302584853, -351.44900437018185, -539.16695973249898, -502.72705685543116]
