[-19815445066782.738, -20134582365045.191, -20534615897085.492, -19878966769962.832]
[-14863606253270.824, -14105678172225.943, -15294078723064.0, -15433499300543.053]
[-10377142076333.426, -7264063945067.7686, -7852345493512.0732, -8339780949917.9473]
[-5043537916955.4512, -4921385743469.6152, -5256835089391.6318, -6162041242887.54]
[-3719438205250.8149, -3339247739581.0327, -3665111704111.2827, -4114364414215.8032]
[-2106548350397.7056, -2334566259521.0522, -2797277273375.7822, -2405266257175.2354]
[-1647586897178.8804, -2141782280502.7664, -2046466768802.231, -1787180693427.3586]
[-1133390188225.5579, -1471564466668.0483, -1269292321044.9619, -1173371690716.4832]
[-974945081060.59436, -1048527367160.1158, -955801648792.01489, -905974878144.96252]
[-643437493265.15466, -673442659025.78027, -635957340890.22827, -677100234845.61084]
[-506653375395.46777, -536038892835.01428, -535053734971.88104, -468738333492.00793]
[-506653375395.46777, -536038892835.01428, -535053734971.88104, -468738333492.00793]
[-506653375395.46777, -536038892835.01428, -535053734971.88104, -468738333492.00793]
