-5.457635251479558969e-01
1.306642053320408934e+02
-1.995854894929627221e+02
1.348070890417365888e+02
-4.385137000194848156e+01
1.664657273342654875e+01
-1.591851229699950068e+02
4.331129130052669041e+01
8.396276988613550429e+00
8.304468153273293751e+01
-1.528080632429353614e+02
2.342789677639579509e+02
-5.346791806986341555e+01
1.109453946801313577e+02
-2.304215230288721727e+02
9.550850779256234091e+01
-6.735930682341361830e+01
3.142409827987689752e+01
-2.395188756867562461e+02
3.265629502781169258e+00
-4.920980336861858717e+01
-5.919780946787372322e+00
-2.469959124492274896e+02
2.532968401780035492e+02
-6.142188964661909267e+01
-2.208558784786735885e+01
-2.742920972076740895e+02
-3.070727566476932680e+00
-1.164307266292263421e+01
3.052838004933107641e+00
-2.348591650826942043e+02
-5.843339524841326682e-01
-5.314511365143878407e+01
4.435349735312212943e+03
-2.052508754905607873e+02
-1.531133972381823050e+01
-5.176760075204394695e+01
2.645293438965829296e+02
-3.098627880873960976e+02
1.104319797780959505e+02
-6.316934089088785242e+01
2.638573509874728416e+02
4.262715649607007151e+01
4.559494800601226139e+00
