[-469.99063995024505, -472.74657158480295, -443.3927590735114, -455.3858493299328]
[-469.99063995024505, -472.74657158480295, -443.3927590735114, -455.3858493299328]
[-469.99063995024505, -472.74657158480295, -443.3927590735114, -455.3858493299328]
[338.0710977335807, 110.8474759521645, 275.73122822960283, 496.14220135752873]
[338.0710977335807, 110.8474759521645, 275.73122822960283, 496.14220135752873]
[338.0710977335807, 110.8474759521645, 275.73122822960283, 496.14220135752873]
[338.0710977335807, 110.8474759521645, 275.73122822960283, 496.14220135752873]
[338.0710977335807, 110.8474759521645, 275.73122822960283, 496.14220135752873]
[338.0710977335807, 110.8474759521645, 275.73122822960283, 496.14220135752873]
[338.0710977335807, 110.8474759521645, 275.73122822960283, 496.14220135752873]
