[-1981335.8712800436, -2013216.255012589, -2053496.7807956547, -1988097.9550140921]
[-1485905.627311368, -1408552.6878960237, -1529621.5144909832, -1543398.4985522556]
[-988922.20936133841, -719665.86971159675, -787074.1036996895, -872181.79817989713]
[-510232.43058970181, -506154.31709887588, -526273.79127626098, -607915.48868065083]
[-380509.41244396672, -322929.06623903278, -350893.37041770102, -417950.19299510593]
[-210400.196941612, -240196.25894133971, -275288.97463705559, -242681.9951311106]
[-167992.4621356134, -176008.12805154029, -206124.76808788331, -186544.21831713681]
[-114385.23290218755, -160526.70846358425, -132239.45312931357, -114900.3779716217]
[-94541.866625037786, -90939.562714570988, -96465.166858337427, -91937.160846249855]
[-65189.746693533765, -64446.513214590959, -64153.487827039105, -70152.926922090788]
[-48973.515382987549, -55194.968141421545, -52425.945366014246, -49032.202489736963]
