[-1981544298.0637181, -2013457994.5472012, -2053461624.8961208, -1987896878.2541931]
[-1486360152.5761893, -1410567505.3563657, -1529408080.1378391, -1543228277.7336922]
[-1039865528.8067875, -721185726.00558102, -781034943.9631995, -833663428.55659866]
[-503375922.83602285, -489580325.47121394, -523313649.97008502, -605334804.56672609]
[-376053264.89130884, -337966137.25430119, -372236351.9910019, -404874267.17362797]
[-214141844.65256825, -246443601.55151859, -284497264.26183605, -228284501.53510252]
[-168670548.30610937, -181555327.17341545, -195501009.04849467, -178617387.30500636]
[-116243912.26133437, -142501620.99954414, -123860521.34863448, -112413901.82631235]
[-100380159.7975581, -104632215.43423538, -98908963.906149402, -89388268.169846922]
[-69282222.906169802, -66652973.263264835, -62435220.830567025, -67982332.146904603]
[-50710678.065810978, -52939252.551174656, -52326733.594340727, -47054329.280662648]
[-50710678.065810978, -52939252.551174656, -52326733.594340727, -47054329.280662648]
[-50710678.065810978, -52939252.551174656, -52326733.594340727, -47054329.280662648]
[-50710678.065810978, -52939252.551174656, -52326733.594340727, -47054329.280662648]
[-50710678.065810978, -52939252.551174656, -52326733.594340727, -47054329.280662648]
[-50710678.065810978, -52939252.551174656, -52326733.594340727, -47054329.280662648]
